2
141
2 2 5 2 2 2 2 2 2 2 2 6 2 2 5 4 4 2 2 2 6 2 2 2 2 2 2 2 2 2 2 4 2 2 3 2 2 2 2 5 5 2 2 2 2 4 2 2 2 2 2 2 2 2 2 5 2 5 2 2 2 2 2 2 2 2 2 2 2 2 2 3 2 2 2 2 2 2 2 2 2 2 2 2 2 2 2 2 2 2 2 2 2 2 2 2 2 2 2 2 2 2 2 2 2 2 2 2 2 2 2 2 2 2 2 2 2 2 2 2 2 2 2 2 2 2 2 2 2 2 2 2 2 2 2 2 2 2 2 2 2 
28
32 - 69 +
71 - 73 +
34 - 71 - +
12 69 +
67 69 +
37 - 63 +
43 - 75 - +
10 61 +
67 75 - +
30 - 67 +
69 - 73 +
14 73 +
39 - 61 +
14 53 +
1 - 75 - +
8 - 47 - +
51 73 +
18 65 +
1 73 +
16 - 75 - +
22 63 +
24 - 65 +
20 - 53 - +
67 71 + 75 - +
67 69 + 73 - +
3 - 32 + 55 - +
49 69 - + 75 - +
65 67 - + 69 - + 73 +
